Log, version 2
rows 480
cols 640
K-CV
600   0 320
  0 600 240
  0   0   1
RTworld2cam
1 0 0 0
0 1 0 0
0 0 1 3
Model Transformation
1 0 0 0
0 1 0 0
0 0 1 0
0 0 0 1
near 1
far 5
Light position 
   0    0 -3.5
K-GL 
-600 -0 320 0 
0 -600 240 0 
0 0 -6 5 
0 0 1 0 
NDC 
-0.003125 0 0 1 
0 0.00416667 0 -1 
0 0 -0.5 -1.5 
0 0 0 1 
Conversion Matrix -- convert from image coords in OpenGL to OpenCV
320   0   0 320
  0 240   0 240
  0   0   0   1
Computed OpenGl equivalent from my function: 
intrinsics: 
1.875 0 0 0 
0 -2.5 0 0 
0 -0 1.5 -2.5 
0 0 1 0 
extrinsics: 
1 0 0 0 
0 1 0 0 
0 0 1 3 
0 0 0 1 
C 
-0
-0
-3
1 0 0 0 
0 1 0 0 
0 0 1 0 
0 0 0 1 
