Log, version 2
rows 480
cols 640
K-CV
1000    0  320
   0 1000  240
   0    0    1
RTworld2cam
 0  1  0  0
 0  0 -1  0
 1  0  0  5
Model Transformation
10  0  0  0
 0 10  0  0
 0  0 10  0
 0  0  0  1
near 1
far 10
Light position 
-10  10   0
K-GL 
-1000 -0 320 0 
0 -1000 240 0 
0 0 -11 10 
0 0 1 0 
NDC 
-0.003125 0 0 1 
0 0.00416667 0 -1 
0 0 -0.222222 -1.22222 
0 0 0 1 
Conversion Matrix -- convert from image coords in OpenGL to OpenCV
320   0   0 320
  0 240   0 240
  0   0   0   1
Computed OpenGl equivalent from my function: 
intrinsics: 
3.125 0 0 0 
0 -4.16667 0 0 
0 -0 1.22222 -2.22222 
0 0 1 0 
extrinsics: 
0 1 0 0 
0 0 -1 0 
1 0 0 5 
0 0 0 1 
C 
-5
-0
 0
cannot create camera-rel-model.ply file, because the model transformation is not Euclidean.
10 0 0 0 
0 10 0 0 
0 0 10 0 
0 0 0 1 
9.96195 0 0.871558 0 
0 10 0 0 
-0.871558 0 9.96195 0 
0 0 0 1 
9.84808 0 1.73648 0 
0 10 0 0 
-1.73648 0 9.84808 0 
0 0 0 1 
9.65926 0 2.58819 0 
0 10 0 0 
-2.58819 0 9.65926 0 
0 0 0 1 
9.39693 0 3.4202 0 
0 10 0 0 
-3.4202 0 9.39693 0 
0 0 0 1 
9.06308 0 4.22618 0 
0 10 0 0 
-4.22618 0 9.06308 0 
0 0 0 1 
8.66025 0 5 0 
0 10 0 0 
-5 0 8.66025 0 
0 0 0 1 
8.19152 0 5.73577 0 
0 10 0 0 
-5.73577 0 8.19152 0 
0 0 0 1 
7.66044 0 6.42788 0 
0 10 0 0 
-6.42788 0 7.66044 0 
0 0 0 1 
7.07107 0 7.07107 0 
0 10 0 0 
-7.07107 0 7.07107 0 
0 0 0 1 
6.42787 0 7.66045 0 
0 10 0 0 
-7.66045 0 6.42787 0 
0 0 0 1 
5.73576 0 8.19152 0 
0 10 0 0 
-8.19152 0 5.73576 0 
0 0 0 1 
5 0 8.66026 0 
0 10 0 0 
-8.66026 0 5 0 
0 0 0 1 
4.22618 0 9.06308 0 
0 10 0 0 
-9.06308 0 4.22618 0 
0 0 0 1 
3.4202 0 9.39693 0 
0 10 0 0 
-9.39693 0 3.4202 0 
0 0 0 1 
2.58818 0 9.65926 0 
0 10 0 0 
-9.65926 0 2.58818 0 
0 0 0 1 
1.73648 0 9.84808 0 
0 10 0 0 
-9.84808 0 1.73648 0 
0 0 0 1 
0.871551 0 9.96195 0 
0 10 0 0 
-9.96195 0 0.871551 0 
0 0 0 1 
-6.39758e-06 0 10 0 
0 10 0 0 
-10 0 -6.39758e-06 0 
0 0 0 1 
-0.871565 0 9.96195 0 
0 10 0 0 
-9.96195 0 -0.871565 0 
0 0 0 1 
-1.73649 0 9.84808 0 
0 10 0 0 
-9.84808 0 -1.73649 0 
0 0 0 1 
-2.5882 0 9.65926 0 
0 10 0 0 
-9.65926 0 -2.5882 0 
0 0 0 1 
-3.42021 0 9.39692 0 
0 10 0 0 
-9.39692 0 -3.42021 0 
0 0 0 1 
-4.22619 0 9.06307 0 
0 10 0 0 
-9.06307 0 -4.22619 0 
0 0 0 1 
-5.00001 0 8.66025 0 
0 10 0 0 
-8.66025 0 -5.00001 0 
0 0 0 1 
-5.73577 0 8.19151 0 
0 10 0 0 
-8.19151 0 -5.73577 0 
0 0 0 1 
-6.42788 0 7.66044 0 
0 10 0 0 
-7.66044 0 -6.42788 0 
0 0 0 1 
-7.07107 0 7.07106 0 
0 10 0 0 
-7.07106 0 -7.07107 0 
0 0 0 1 
-7.66045 0 6.42787 0 
0 10 0 0 
-6.42787 0 -7.66045 0 
0 0 0 1 
-8.19153 0 5.73575 0 
0 10 0 0 
-5.73575 0 -8.19153 0 
0 0 0 1 
-8.66026 0 4.99999 0 
0 10 0 0 
-4.99999 0 -8.66026 0 
0 0 0 1 
-9.06308 0 4.22617 0 
0 10 0 0 
-4.22617 0 -9.06308 0 
0 0 0 1 
-9.39693 0 3.42019 0 
0 10 0 0 
-3.42019 0 -9.39693 0 
0 0 0 1 
-9.65926 0 2.58818 0 
0 10 0 0 
-2.58818 0 -9.65926 0 
0 0 0 1 
-9.84808 0 1.73647 0 
0 10 0 0 
-1.73647 0 -9.84808 0 
0 0 0 1 
-9.96195 0 0.871544 0 
0 10 0 0 
-0.871544 0 -9.96195 0 
0 0 0 1 
-10 0 -1.27952e-05 0 
0 10 0 0 
1.27952e-05 0 -10 0 
0 0 0 1 
-9.96195 0 -0.871572 0 
0 10 0 0 
0.871572 0 -9.96195 0 
0 0 0 1 
-9.84807 0 -1.7365 0 
0 10 0 0 
1.7365 0 -9.84807 0 
0 0 0 1 
-9.65925 0 -2.5882 0 
0 10 0 0 
2.5882 0 -9.65925 0 
0 0 0 1 
-9.39692 0 -3.42021 0 
0 10 0 0 
3.42021 0 -9.39692 0 
0 0 0 1 
-9.06307 0 -4.2262 0 
0 10 0 0 
4.2262 0 -9.06307 0 
0 0 0 1 
-8.66025 0 -5.00001 0 
0 10 0 0 
5.00001 0 -8.66025 0 
0 0 0 1 
-8.19151 0 -5.73578 0 
0 10 0 0 
5.73578 0 -8.19151 0 
0 0 0 1 
-7.66043 0 -6.42789 0 
0 10 0 0 
6.42789 0 -7.66043 0 
0 0 0 1 
-7.07106 0 -7.07108 0 
0 10 0 0 
7.07108 0 -7.07106 0 
0 0 0 1 
-6.42786 0 -7.66045 0 
0 10 0 0 
7.66045 0 -6.42786 0 
0 0 0 1 
-5.73575 0 -8.19153 0 
0 10 0 0 
8.19153 0 -5.73575 0 
0 0 0 1 
-4.99998 0 -8.66026 0 
0 10 0 0 
8.66026 0 -4.99998 0 
0 0 0 1 
-4.22616 0 -9.06309 0 
0 10 0 0 
9.06309 0 -4.22616 0 
0 0 0 1 
-3.42018 0 -9.39693 0 
0 10 0 0 
9.39693 0 -3.42018 0 
0 0 0 1 
-2.58817 0 -9.65926 0 
0 10 0 0 
9.65926 0 -2.58817 0 
0 0 0 1 
-1.73646 0 -9.84808 0 
0 10 0 0 
9.84808 0 -1.73646 0 
0 0 0 1 
-0.871538 0 -9.96195 0 
0 10 0 0 
9.96195 0 -0.871538 0 
0 0 0 1 
1.91927e-05 0 -10 0 
0 10 0 0 
10 0 1.91927e-05 0 
0 0 0 1 
0.871576 0 -9.96195 0 
0 10 0 0 
9.96195 0 0.871576 0 
0 0 0 1 
1.7365 0 -9.84807 0 
0 10 0 0 
9.84807 0 1.7365 0 
0 0 0 1 
2.58821 0 -9.65925 0 
0 10 0 0 
9.65925 0 2.58821 0 
0 0 0 1 
3.42022 0 -9.39692 0 
0 10 0 0 
9.39692 0 3.42022 0 
0 0 0 1 
4.2262 0 -9.06307 0 
0 10 0 0 
9.06307 0 4.2262 0 
0 0 0 1 
5.00002 0 -8.66024 0 
0 10 0 0 
8.66024 0 5.00002 0 
0 0 0 1 
5.73578 0 -8.19151 0 
0 10 0 0 
8.19151 0 5.73578 0 
0 0 0 1 
6.42789 0 -7.66043 0 
0 10 0 0 
7.66043 0 6.42789 0 
0 0 0 1 
7.07108 0 -7.07105 0 
0 10 0 0 
7.07105 0 7.07108 0 
0 0 0 1 
7.66046 0 -6.42786 0 
0 10 0 0 
6.42786 0 7.66046 0 
0 0 0 1 
8.19153 0 -5.73575 0 
0 10 0 0 
5.73575 0 8.19153 0 
0 0 0 1 
8.66027 0 -4.99998 0 
0 10 0 0 
4.99998 0 8.66027 0 
0 0 0 1 
9.06309 0 -4.22616 0 
0 10 0 0 
4.22616 0 9.06309 0 
0 0 0 1 
9.39694 0 -3.42018 0 
0 10 0 0 
3.42018 0 9.39694 0 
0 0 0 1 
9.65927 0 -2.58817 0 
0 10 0 0 
2.58817 0 9.65927 0 
0 0 0 1 
9.84808 0 -1.73646 0 
0 10 0 0 
1.73646 0 9.84808 0 
0 0 0 1 
9.96195 0 -0.871532 0 
0 10 0 0 
0.871532 0 9.96195 0 
0 0 0 1 
