Log, version 2
rows 480
cols 640
K-CV
1000    0  320
   0 1000  240
   0    0    1
RTworld2cam
 0  1  0  0
 0  0 -1  0
 1  0  0  5
Model Transformation
10  0  0  0
 0 10  0  0
 0  0 10  0
 0  0  0  1
near 1
far 10
Light position 
-10  10   0
K-GL 
-1000 -0 320 0 
0 -1000 240 0 
0 0 -11 10 
0 0 1 0 
NDC 
-0.003125 0 0 1 
0 0.00416667 0 -1 
0 0 -0.222222 -1.22222 
0 0 0 1 
Conversion Matrix -- convert from image coords in OpenGL to OpenCV
320   0   0 320
  0 240   0 240
  0   0   0   1
Computed OpenGl equivalent from my function: 
intrinsics: 
3.125 0 0 0 
0 -4.16667 0 0 
0 -0 1.22222 -2.22222 
0 0 1 0 
extrinsics: 
0 1 0 0 
0 0 -1 0 
1 0 0 5 
0 0 0 1 
C 
-5
-0
 0
10 0 0 0 
0 10 0 0 
0 0 10 0 
0 0 0 1 
